-85,6606198082029
-84,025934026123
-85,0667815353101
-84,5537168158003
-87,4784670572162
-90,8045211880489
-93,8599150412995
-94,2123517623229
-93,287189660262
-95,3500496132067
-95,7677849362454
-92,3582830454029
-89,2373135496105
-90,0079452735409
-88,1938693570876
-92,4212103837269
-97,3324275795987
-101,770166441226
-97,5701455341513
-100,837542915641
-97,9148197723156
-101,172962703823
-103,043459678555
-101,943193090587
-100,908849393441
-105,359669551421
-108,060704031056
-106,659845552249
-103,143488077048
-100,253262824963
-96,5707929835519
-100,72873979608
-104,003549681047
-106,532072271934
-103,205101663808
-104,233578433857
-102,105252753061
-100,770008096364
-99,2098227232741
-99,2983216626097
-104,252331603436
-105,644448120447
-105,829638464297
-106,785145789285
-102,880155054331
-99,3938059845911
-97,5891509221816
-99,4523416340595
-102,896030974992
-107,813493126451
-111,300196652906
-110,515934566742
-113,314141497628
-116,078898823391
-116,010431929496
-111,503107844155
-112,997925087343
-110,139039184497
-105,660318162134
-109,13424824557
-104,759267896767
-104,215520228825
-103,08431442505
-100,049377575074
-100,794707369429
-102,05449587994
-100,370184104131
-99,7206920174513
-98,8182943495076
-100,975741663005
-102,331408370441
-103,577870223009
-104,575794457726
-105,287274611316
-108,60066205198
-109,285822391643
-107,3587749793
-103,273764629044
-101,078488776031
-98,5304941486243
-99,7859693690138
-95,6238131367712
-95,7792653170318
-92,3454456903718
-90,968516911831
-93,0703091565847
-89,4300490382267
-84,9401015974302
-82,5370910822121
-78,7174445594277
-83,2511040862888
-78,9816643083383
-77,1251406740049
-77,0910252174787
-76,5545045056169
-77,0522621143853
-74,5755844351722
-72,7957116289976
-68,00588915963
-67,8411099141655
-71,039072620235
-74,883909644505
-72,6494980243265
-68,9357400517612
-67,4975354957849
-64,7377771696718
-67,9555908487903
-65,0423176260862
-69,493687511186
-73,7400602776278
-76,1597836046293
-76,7396111980731
-81,0760011482407
-84,1452747532843
-81,3637296163308
-86,1509054997708
-90,4517056515681
-87,7543194744524
-91,0963114030177
-94,7398489526193
-94,6398975814879
-92,4455332464751
-89,1990516750138
-87,1163005298545
-89,7400883164909
-90,3651948018769
-88,4681802887787
-84,5002199800221
-80,7482208454741
-78,5638506773691
-76,7256886962456
-81,5785140900773
-77,2833262091891
-80,2528296016403
-79,506872268164
-81,9175104642835
-84,9897658522194
-83,8589760050453
-86,8633609343616
-83,2461904819339
-87,1301690475691
-91,4031821519152
-87,4618648260189
-85,8124815443589
-84,5731116945731
-83,5269436279903
-79,9211138998723
-79,9953166604952
-77,7427463409225
-77,4190497456208
-78,6160072025918
-73,8367157004945
-73,7148509657546
-70,2814909467854
-75,2166630724523
-75,6089901135346
-77,7003087092659
-82,5486482342467
-81,2111024750449
-84,1477914336826
-88,2850476206677
-90,4708216085429
-86,3095475203868
-87,9452875735915
-89,0298223211569
-91,5967202543266
-91,4717357286586
-87,838622286375
-86,6538532248949
-86,461669891822
-83,176590387326
-83,6081803862975
-82,9064092798654
-84,8655716608584
-89,6251306448249
-90,2521661693473
-86,9991191602308
-90,4020208704295
-94,5586395750561
-93,2285954282752
-92,4595316417793
-95,4883143680581
-98,7729243788742
-100,344621839628
-101,963294214552
-99,9044237355257
-99,8791138640973
-104,017286002178
-107,051617268963
-110,913332894404
-106,232652494792
-109,456568357747
-104,663324269775
-99,7310202404535
-96,9765936010408
-93,6747981788008
-97,109085371303
-96,532027992202
-98,7981099629766
-99,991842180021
-104,070658639106
-99,0979423532719
-95,3569141753749
-98,296527188875
-96,2579100980693
-92,0232775560689
-92,9457571604037
-95,8647300446708
-92,6718110417351
-91,9799476428796
-90,6253216930783
-94,313738578611
-90,0054593989651
-94,9979577865442
-93,7037105316779
-89,8121839923841
-93,7133479694432
-92,9803764205335
-87,9974440988141
-86,1408493254058
-83,7330571300039
-84,4699004662549
-82,802455757187
-82,7559710702654
-82,2444681368044
-80,7354727693533
-80,9603068562971
-80,1908397791865
-79,9044287995922
-82,9657832057987
-85,158531537819
-87,4825419078034
-83,6193616472275
-81,5822481348097
-81,1733875289435
-80,377040028282
-82,1468509324579
-77,4918479297738
-76,1021624813332
-76,9554673982577
-78,9741173148966
-81,0298345592012
-83,3609257002179
-82,0871203658577
-82,3034619411004
-78,9343646559558
-81,4665596985568
-76,6808172230054
-78,0427604485502
-74,1798603484313
-71,9769009491321
-71,1441596905441
-70,5500346331624
-69,6727113773453
-68,2742357897918
-66,616208912626
-68,3109373358595
-69,6163938448841
-68,0675097918452
-72,5378880684906
-73,0784214395463
-69,7703681209918
-67,9757519848532
-66,7214785757109
-68,8368668448351
-70,1582305250495
-72,709827671158
-75,43866200393
-75,8400209973752
-80,3421212431705
-79,6807837997008
-83,236950779444
-78,8936646789748
-78,057427440331
-79,1821827502838
-79,7186733105772
-83,1244255058115
-87,7307861311039
-92,4679598689395
-90,3255542206231
-91,2843638105711
-91,2949403730663
-94,1635300704108
-92,7400191909354
-93,0043329964412
-91,0298225870495
-88,9479580144155
-90,9621010096567
-95,3234630847924
-91,5726293560921
-94,0815534321971
-89,5459078273484
-91,4397888777031
-90,5797251526171
-85,8924966984859
-86,2191999336793
-85,0695333141226
-83,6548978642816
-85,2657042607971
-89,1606821558255
-88,2399877245724
-93,0433484344013
-92,8562469654047
-94,7160899451543
-96,5145272885051
-95,7554009094626
-94,2659457513438
-89,508057932606
-92,5059793668361
-95,5710132189891
-95,507234146589
-97,5956019445302
-99,1638847157191
-94,7574063109967
-93,2689749976941
-88,7989318062546
-87,6222887903555
-92,2511835336923
-95,7325963190443
-94,8224949975603
-93,2257232504085
-88,7631774012759
-92,1306496589121
-91,2828423810577
-88,276018550748
-87,150326712127
-83,8126126415155
-85,3293902661322
-84,1803814816197
-79,978433556379
-76,6645907362292
-76,4849783813045
-74,4805326100813
-70,3227284528886
-74,1010172358253
-75,2564661159442
-70,4541441474362
-66,4628908650311
-68,2409426422049
-64,2643828267531
-68,7793275754802
-66,4553508215841
-70,4715723825952
-66,7679006055779
-68,0808459492776
-63,5014022274415
-62,3974738514039
-63,697833306481
-59,3262008946976
-64,1090156320059
-60,6123618830984
-59,8338005202048
-59,9377522850119
-57,4586600030114
-57,9504096451916
-56,4922610630711
-52,9281495152638
-48,5888553241216
-48,4555221341809
-46,3796513161527
-43,9582390077217
-45,9520062249861
-47,3431271907608
-49,5429965502317
-50,9218732225345
-46,0377065050591
-45,1305200742234
-45,856607002605
-42,6718398149459
-45,0279596215244
-40,360238398593
-38,174848665099
-36,025691631262
-38,4836642320657
-38,0586181618546
-33,7858231685989
-30,3070557584553
-32,3781997931088
-35,2174471715546
-31,7900670630811
-36,7683036004976
-37,130230074809
-38,0186401112092
-37,0868165893884
-41,3815224130552
-43,846240955799
-48,5626768360672
-44,0373233468445
-44,3877695474716
-44,6242069125288
-44,3437673404551
-48,8807395630892
-50,0228194706248
-48,8767420658267
-52,3215945588059
-49,8427720902686
-51,1276743705979
-47,944026572138
-47,861478122818
-49,0585901839931
-50,3863328929926
-53,5563175885734
-53,0414442313096
-51,3136920129478
-55,7642279731874
-59,4529639577739
-55,8235596287173
-58,4695387927207
-61,4154925809314
-61,1800372163672
-58,2006560443903
-57,5654004619295
-55,3868588923415
-53,6809058108743
-51,6267984554296
-53,8434596726873
-49,9488168535515
-47,271761341147
-50,1769248769511
-54,09108300651
-49,4904804087665
-48,1086474671534
-43,4842881949079
-45,0630836421917
-42,6996430208439
-38,4949495752784
-40,1674799342488
-44,1644003052098
-48,1775204130343
-45,2312968113605
-44,6735995377756
-49,3784799260918
-46,5321724100653
-43,1743077273361
-43,419184909863
-40,2274367516988
-36,1042365832739
-33,7203988380359
-33,3380393559755
-28,9440091950558
-30,0381320668562
-27,108588783121
-24,6372815056877
-20,223183070879
-18,439001607913
-13,7938176183001
-15,5093314105222
-13,357364399525
-9,26539435017169
-5,4935856258932
-1,90940597649166
-0,871363769225434
0,217447565038477
-0,785845856082508
-1,58356051500117
0,706863834386208
-2,08748013344006
-4,99381132889246
-0,629499731878472
-4,28472913768358
-1,30093476329969
1,32538993671792
-2,30746911946096
-3,19964650934541
1,4781115816339
4,16237314192693
6,95132120836127
10,77199809522
7,72282835921409
11,5851875564946
10,2453261708121
6,75613124470982
4,05082727505403
1,75163357833016
3,93159832057157
0,60265763457993
4,51318329875976
-0,276555863803463
1,36046722594675
4,07872385768165
4,99893109546929
6,17443372550166
3,08554330518732
0,300614473084322
4,66265842535662
9,18231349167527
8,38862176909518
7,23822270624262
6,39380204789057
8,85850051597627
9,84459264196674
11,874124005844
14,893650154068
13,9312390419335
10,3414748284694
11,6210272566514
13,1834295965654
11,5469142638831
16,2832546077126
20,3831745103855
17,2394104335641
16,7032197544832
16,9043565014864
12,1339673535591
12,2456374635202
14,319012039024
13,062358215946
11,4503632469338
13,2671050835714
10,7983311106444
14,1782297958519
11,1736249905889
11,6302707053862
8,27632567066533
8,70088902707258
5,50918077142411
6,22439589175606
10,3764656676802
10,1222443255234
5,28034735018409
3,75830063305722
2,69764776234411
2,36274530755489
1,84887710346328
-0,274855825246656
1,35575142519356
-0,152969649132738
3,10413749334601
-0,605291989913757
-4,70487967585435
-4,59622270176006
-4,04918170489793
-8,57526121129056
-6,0381580242133
-5,176137315657
-8,71973939878849
-12,7453735157592
-16,0638747881464
-13,9604737302104
-16,6718043534419
-15,8954954640453
-20,0771922176131
-18,0443331171033
-21,4199798025283
-17,3351800196502
-18,3444830883967
-21,7715974393168
-20,3981262563719
-16,7851007249136
-12,1831566827293
-16,6188193748792
-14,2084868108893
-10,5907808014148
-6,01254348224608
-5,39057686244625
-2,47368806855454
2,32502370715381
-1,95997134175145
0,393372439031252
3,87443529855206
2,45653094838217
2,94276998282545
0,0402044970729958
0,956534019651194
3,37910307262988
1,21196076097529
-2,26656453789512
0,652977989824998
1,43701224654779
0,405177686086526
-3,76089645259119
-4,72718005987213
-7,67851134188399
-10,2214020608092
-10,8396079255452
-13,1799578891042
-11,2734698603271
-13,2327256296913
-12,8313936166611
-8,94582347662454
-8,88810187526419
-6,77029413253543
-2,1262125215149
-5,43758604695903
-10,1015110407497
-7,40318663064534
-5,47385164325766
-9,57816846881903
-12,6630319015416
-9,71789998687701
-13,0602138457168
-17,8008529137823
-18,4726979669522
-14,850359768537
-11,1437860415986
-15,8537161866453
-12,1328474544607
-16,016317876529
-16,8145336149328
-15,5625915204
-18,0933692902761
-19,4400261689163
-23,8505892426942
-24,2057291507747
-20,4377109699126
-18,9070900547816
-18,5454262087798
-17,3848294803801
-17,1883862964754
-19,2260697131166
-23,2156689480019
-21,4577014029294
-21,1440284648649
-17,6762548241188
-19,2529135659583
-17,7886256588569
-16,9464682354342
-21,5376601957425
-20,9574056793737
-16,2331610364993
-15,3296383355416
-19,7038468088506
-18,699440848408
-15,8605385063497
-18,5500592079712
-22,9754942785834
-18,2699328326945
-19,8436023131215
-21,0930667589851
-22,0013424786745
-23,0625611744181
-22,2726027235726
-18,4336427545331
-14,2842528360356
-12,867904926123
-16,4635264461224
-14,9351556296158
-14,9359341105147
-17,0153258168209
-18,2098717257426
-20,8732111616401
-25,104472902652
-24,4052329121181
-20,4524129281995
-18,5176817786496
-18,617963182562
-18,672275188692
-17,8118938826079
-17,6128969423532
-20,3706111225162
-20,9226986909856
-17,6106379984927
-17,0743629369299
-17,596823318208
-22,248403924633
-25,4049732212
-22,7560360602829
-25,005501476119
-27,6711206825781
-24,4776674311038
-22,6526079618616
-25,7172746354328
-28,3072134611696
-32,2024945575755
-28,1789592784731
-27,9585169642039
-25,0395093881709
-23,8752263686038
-26,8238006377703
-29,8048378596104
-24,8689207690157
-29,025984864694
-26,5377851186961
-29,7629846934056
-27,3754006146338
-27,2406161726641
-27,3140646365071
-25,262478659983
-29,3583074674747
-26,9475467651838
-26,3186698296659
-27,4734896898611
-24,2461561105429
-27,7379063762435
-23,0940945274634
-22,4673739156999
-27,2136905264173
-27,8522701760997
-24,0512996511772
-24,4783824446976
-25,722941125614
-26,9451048932713
-29,2802641677112
-29,5531091254917
-27,5727145036555
-32,1713872659818
-28,812710181257
-29,2181890943172
-24,288904389501
-27,5746155542203
-25,5939045341657
-21,8124995598627
-23,0035439846122
-24,8235098225174
-27,5171410932751
-28,9121645660662
-33,0883036195711
-34,3268289832988
-32,2368734433487
-32,0232384917434
-30,1063593244675
-34,5090081400745
-37,6626447484188
-37,7390246571689
-40,1744483412124
-42,1945690117751
-43,4865692646645
-47,5847578247006
-51,1238507698866
-52,7270361025478
-52,7602771775612
-54,2026899518457
-51,8393774572012
-49,3608689328473
-46,097347473771
-44,9392666155189
-41,7611714367574
-44,000126732979
-44,2057209295247
-42,2194640884266
-40,4433567311816
-45,1113262819644
-42,9890250102565
-38,799142653029
-43,3690929707927
-41,5216210095778
-46,4853964450235
-46,4380970278
-42,236216022743
-41,1973807011718
-41,3945210359033
-39,902312282893
-37,6308474725256
-39,0435118992084
-36,3874738600046
-38,2293837253141
-41,2979108846271
-38,5566902503169
-41,3941115240538
-42,393596231655
-40,7002687410918
-38,243403096331
-40,1097890642051
-38,5773190267278
-36,8297891164337
-38,4066653220945
-41,9885728424361
-40,6581257915394
-40,7416130885209
-39,5933252175307
-39,1664438690833
-36,1036276263667
-32,1365587935487
-37,0328600946966
-33,5953325003363
-32,0104837822776
-33,5354338695925
-35,8789528351644
-36,3853824261507
-35,6682780714092
-37,7246233065261
-34,063922976639
-37,3639925417322
-36,9419208084893
-33,347965806419
-29,8734156344427
-28,5872932190947
-29,8113162977673
-24,9888458126172
-24,8834144882314
-25,6568064706664
-30,219931926215
-34,6214659486997
-38,8275754376442
-43,5346460871094
-39,2154043746252
-37,0169879575339
-41,4271567233033
-43,9848042763698
-41,9778783884727
-41,5484989069162
-42,8427213932586
-47,7119346790536
-49,6583415449868
-54,046387571863
-52,3063441493112
-49,7812042291188
-47,6134381176035
-47,4636301386466
-51,3924408175016
-46,7094005954961
-42,4344087892372
-44,1867585639407
-42,7412841924192
-46,6844236649034
-43,6517965042273
-42,8948612943733
-40,1833189954903
-37,2448039600834
-33,9718242217655
-31,8348228427743
-29,1927072844433
-27,6847307186968
-22,873649340064
-25,9519694866388
-25,9619626826429
-23,4976124174416
-20,324434095679
-15,5136647473618
-11,3953788654857
-7,0089465645183
-9,12372788606379
-13,9095992985691
-11,4229547774525
-16,1352299042675
-11,8973526530421
-8,36743903735993
-4,72110173651994
-4,91098397640085
-8,05707239688232
-12,1076621450985
-7,98930584126579
-4,36313689889526
-0,611855734890199
-0,189464632509897
-0,237848421203772
1,95137589795119
1,10436750394502
5,84139748748463
3,1016996773434
1,66400617997355
6,15088029818191
3,80219649700556
2,97156920562112
7,84149371452705
10,6287576377526
12,8265585856636
8,14626392123587
4,27817720187749
4,90012437100534
9,17581752835584
13,5277791267857
15,8847758899838
16,9162979870645
13,6010550072422
15,3988765507932
19,4597397695574
20,2207454737373
21,3784949720738
18,1974782483641
22,7001917933581
24,8107897023721
22,712214241136
23,7968176970244
26,1203871835584
29,139032258717
33,1549788746774
35,9116742764189
35,3003645526713
37,2704281947904
40,0712106796314
38,3825693388389
41,8187176770618
44,3691848355203
44,9251642147663
49,8247223975253
45,0586248771561
46,1033807560352
48,7201007682459
46,2205617182053
43,2606380215198
46,4708463016297
48,985270321828
53,1734409128193
50,7516593349873
47,3491079883413
44,1104675289758
41,7051143742656
43,771638518093
47,3962080769224
48,2869610694642
44,7151796844393
47,7104217920967
50,628468499346
48,3860571442107
49,8377657378269
51,4232153172713
52,9899280602066
54,8357312822881
51,6870107160355
55,4583280233007
59,8994335694702
60,83044862879
59,9922982673125
62,8134629515994
63,7777974497424
59,6936107099493
64,500140314689
59,9756830325237
56,7608818699424
58,3248009338625
56,3409082737477
59,4851939657169
58,1424825140939
62,9213894870698
59,2138947519539
63,8100686407695
62,5233225885422
61,0297076222626
61,7558284554425
63,0131139899666
64,4344137606372
60,1245850185513
60,8887057359744
56,9680163855516
58,3405802554175
58,6566968069676
54,1747984379413
53,9676769515349
58,0719477371648
56,3860563404794
55,0532460771749
59,2521987339725
60,0176393124357
58,74678295513
56,345753712275
53,6249469330651
51,9775213147409
48,3445272214453
49,9584111454703
45,6400465386175
42,5948764745123
39,7139806019674
39,9953059083761
37,0559564032853
34,930602055942
33,2145349789479
32,5524885382283
35,6916282725016
32,1567116524823
34,0122463572828
31,8844419889546
29,9447696981695
26,0644520870711
26,6584459862944
24,008463522889
27,7593978111444
22,9262921530411
21,0088311419864
17,4574319564074
13,1056499030002
8,50336153223341
8,51701262337953
4,88828455558438
8,3593747896885
6,25610411691303
5,07325880000059
2,45210391350659
7,38024881918932
9,56018503502025
13,5734970791143
14,8170965862541
12,1633446273224
14,0558457370177
14,1003311770505
13,4027867756798
12,7049824188953
13,1138283704007
11,8172985929146
15,021963589835
13,110594536695
9,08875752896484
6,46771942566514
4,7955145592781
2,04425064010749
-2,51383638824975
-6,90697436076908
-3,82770409287306
-8,65625741363323
-12,2771313075335
-13,4290948386439
-16,3167959597505
-21,04676056702
-16,1283554747367
-15,1626894973044
-19,8787657333904
-17,9375868886418
-22,1897546933916
-20,379519621087
-16,2155984534023
-12,1581074838331
-16,2530196743332
-16,8432110207356
-20,8840075022932
-23,4322361664065
-27,8203009687458
-32,2943533781423
-31,1265267786227
-30,0513298297539
-33,7597915291598
-30,7119696357808
-32,3698812990309
-30,906457179648
-31,0285831876232
-27,6686133200622
-22,9985583657391
-19,9798086332063
-23,2939526756731
-19,1714168242976
-16,1422395618363
-18,8523722620924
-18,1144878469009
-20,9070894126347
-17,3580706130517
-19,0261708661104
-17,1251577009098
-16,1515935865005
-18,7237506377155
-22,7969155054524
-23,0363538293336
-20,675077075453
-22,1207136274877
-18,5221027482869
-18,9825536934577
-14,8353796661064
-17,6518365287463
-16,0834821900741
-19,6637238118162
-23,78770001409
-27,1508991309212
-22,2349337498819
-22,7958983219209
-25,7918250028936
-21,9119166242479
-23,5806124115272
-28,0746642793876
-27,425789519877
-27,0336281191713
-30,475192894449
-29,1795818713398
-31,9144078399587
-31,6590849527432
-35,0337886088684
-31,2527307990252
-29,3786769310844
-31,0590703767067
-27,361381001473
-26,5005911474584
-23,8732873759573
-23,3225292052712
-23,6841581220198
-20,5860534802014
-20,3450620129448
-24,0304267401948
-25,1001651934814
-25,6067067480677
-25,8632292905185
-28,9393542259649
-28,2086542612913
-27,0322275310904
-28,9305269154396
-27,3315355611646
-31,5217034013577
-29,0359684331509
-25,9227565517289
-23,0719246799461
-24,3381135837817
-26,0106235281613
-25,7929089412991
-27,9669573264973
-31,7148189208073
-36,1334162071037
-40,264008483041
-40,6327843738872
-43,1373967291495
-46,0314428624843
-49,1023757583938
-44,2848226890362
-41,6193275021478
-40,7917600291742
-42,3059062670477
-46,5983417823902
-47,8058871756334
-47,4806215485933
-45,4821917486759
-48,6643310094551
-44,4662870487506
-48,7768490024734
-48,8272021705411
-44,989356403234
-44,2268857286436
-45,5018860336867
-40,8404245976546
-40,4584161031331
-42,2645056956747
-41,5983230185686
-42,1528322911601
-43,013270915492
-47,3454249870709
-43,3222029909129
-38,7364075326995
-38,3662082130863
-42,7231329459338
-42,9217807892345
-43,6231610242385
-44,5661926546907
-42,3374957369349
-46,7277283788321
-42,9084807508198
-46,0841730707716
-48,5197817294484
-48,5938573412568
-49,3354774635915
-44,4323449718916
-46,7417720038172
-49,3476358728239
-51,5410991253056
-51,0565325925389
-55,5692274242496
-54,2738762820483
-50,62108837097
-52,5767153210829
-49,1988720973948
-47,8190032778396
-45,7555223376283
-43,2283836268951
-47,3084423492236
-46,8210431196824
-50,383729417987
-48,5545244503554
-45,8940613110987
-43,1045555826763
-38,9548484417399
-35,3125752510095
-34,0708032362492
-30,955148793736
-35,8906595762309
-31,8995571261735
-35,8729112641294
-37,9314498337597
-38,3422860122948
-34,754009409693
-37,8838189914281
-39,758479839544
-38,4850254135602
-42,6484791271614
-38,1818593098697
-33,4235303655376
-35,7320948390905
-39,9323205626254
-42,0726746330376
-38,1117504383957
-39,459494231017
-40,0869994447971
-44,7165653597174
-43,1751429513912
-41,182786855466
-41,9195804078688
-39,1817091913808
-37,4102281371178
-39,2732010452417
-42,531903357027
-38,3594497006197
-41,369407040239
-42,2055624994475
-42,4306768865467
-41,6544596392914
-41,0383529523565
-42,3769924754169
-42,8020739498557
-45,4724270363675
-46,6569927389067
-47,1990720681841
-44,6532283302644
-47,9470410095281
-52,8825297010515
-56,7083470694293
-56,4558429976253
-61,3494286040539
-60,1224939502414
-57,0619750568
-60,9003627234605
-63,1043990203665
-67,4668595951361
-68,4973005570924
-64,7977616124776
-65,6605120914338
-65,8832997367173
-62,6114606310666
-57,9111110246326
-61,7878126780445
-60,9865299081367
-64,7332986745672
-65,4781338667861
-60,6736995282926
-62,8258333950423
-58,4100104488479
-53,5298626909637
-49,5683680798711
-53,0697992667881
-53,0094702276445
-54,1589570972877
-53,0619886298952
-49,9454716290093
-46,4753442660325
-42,4311326339054
-42,9281291099862
-41,8217166405272
-44,1554091750436
-48,8494863984405
-48,4822466217364
-51,7423945976153
-52,5856025435894
-56,074665980914
-52,3637038200924
-55,3882890615557
-51,4429550764351
-47,9080408452582
-44,8875572229212
-44,4232516267445
-48,7856155348874
-52,7866106423487
-50,4423430610645
-51,4813321905589
-53,0297120115858
-51,5013478680054
-53,9391448041141
-58,7363889411727
-55,9949795417464
-52,1366583542603
-56,4879699919782
-60,1939351182402
-58,9029256575289
-55,2950800770405
-59,1284744623715
-59,9184686992869
-59,8538248333399
-60,1743781311318
-63,0069660688783
-63,0816186629615
-63,885083242266
-60,8542461906812
-63,7433413014483
-60,7774249724007
-61,4443151426708
-57,0608688202039
-60,4163781043218
-55,6740834334279
-55,1298807864682
-52,3008612065114
-53,3983290583819
-57,5174203433643
-60,6577562078171
-62,1605671929012
-66,2996344716752
-67,2383103250704
-65,7320647759978
-68,5961071791109
-68,9312103571981
-71,9894471378016
-70,507438569566
-71,2071909085881
-67,8421878385554
-69,0342015605579
-64,3769671462369
-65,3037622432708
-64,854919679861
-64,3059732063235
-68,961642258317
-69,4606858605801
-67,5499149679904
-68,2840276850779
-66,9165255161545
-68,8213892997342
-72,5536191242531
-74,9468200839808
-71,058720080675
-66,6803688284384
-62,0524677876627
-62,9842939311565
-63,1004205034582
-65,2805121104608
-65,6219588944791
-60,7095690750096
-60,753780035653
-55,9860003883885
-51,5516296501977
-53,7578092044023
-51,0108963451399
-48,9056148770757
-46,2018546630637
-48,2731683940036
-53,2586185137083
-58,0329696708512
-54,5896308331702
-49,6933430734525
-45,0275090919004
-41,724590480665
-38,4159085659384
-43,1560036391746
-44,2213998801174
-43,1258556377729
-38,7278919148854
-42,6846456656627
-46,7663969782956
-42,1297521130786
-42,6163455669844
-38,8518176478575
-41,6223988084227
-38,368265127469
-38,1950409841701
-36,067146687334
-38,5590901312228
-42,9623671658162
-40,904477374118
-42,2423771988798
-37,6006827538836
-34,1480695033204
-30,2958722646794
-25,406417497623
-25,7675833328476
-28,1125612152333
-25,3105276009582
-27,0714781210159
-25,274281937291
-26,2921973137614
-27,0408599111442
-25,8990065850778
-26,2472092063386
-29,8757267905752
-31,934761731855
-36,3495803397845
-40,2799110022746
-35,9119148882627
-40,7783447908137
-36,9900156054599
-38,5680709353499
-39,952763968591
-35,9586228364886
-35,639478662349
-35,3851055611787
-39,7152627421148
-44,1508611357542
-39,6580819574455
-42,7260246326802
-47,1501587155043
-51,7295290025554
-47,3117020876667
-49,1439430365078
-49,362704374065
-54,1081110593435
-57,8948903283546
-53,4441689557601
-50,02494180809
-49,4038710461016
-53,1242894046587
-49,8307787765892
-48,6718645336441
-49,4258144681462
-47,4896504043087
-47,104342941709
-43,7327897216812
-44,6200591812935
-48,7621227576221
-48,4489541353886
-48,8609113841601
-47,802686424834
-49,6626259827346
-54,1994731147771
-50,9299125084327
-55,6897570033044
-54,6633695250672
-50,2048974066064
-51,671844342105
-52,0367626762189
-53,0677713305073
-55,9771508192537
-52,6678963832873
-56,3609042281103
-55,1395739615613
-56,5781190509806
-56,7446085632521
-58,7705142883447
-53,8999555720482
-57,7830664710063
-61,055322143275
-64,920862123799
-67,2704199339591
-68,5234945819357
-64,6695061259295
-69,1746875686453
-66,9116571414804
-62,5424002402194
-65,4844231719544
-60,5505864604146
-58,6677665792721
-57,1106543005959
-52,4041891179067
-53,2245785618315
-50,8805639882947
-51,3629230304448
-49,0823537595954
-45,1276797126642
-45,2294812678497
-45,6883981105352
-46,4601922740509
-49,7054436615228
-48,7877753534297
-50,0036298716458
-53,3515504553689
-49,1625893251796
-44,1783331330765
-44,3264110453084
-41,3016912463595
-42,9269820931028
-47,3751851182315
-46,9777261731111
-47,7355543490199
-42,9945070263904
-44,4090827318882
-45,9555000001357
-47,5477172306495
-43,1545821405736
-46,5454177286222
-43,770675679562
-45,7935506015986
-44,1364200246224
-41,7359249744266
-43,136708621465
-40,3844468367214
-37,972567769686
-40,5884124411216
-41,4587685612304
-42,4957909795902
-45,7921016708911
-44,5112160311598
-43,6323795903625
-40,5564837602696
-40,2270082012876
-38,33832493673
-33,3653292215268
-33,1485375101438
-29,2822408020879
-32,1873948663415
-27,5223675405245
-32,0118051753434
-34,6006968359466
-38,2561597336345
-34,5728918186263
-30,1908520819577
-33,7054911459356
-36,3905506913506
-31,4251328312909
-35,8309465697179
-36,9405147279336
-40,8306565395699
-37,9432223587964
-35,5977127238166
-33,4742563280623
-36,9102982487112
-34,339222989203
-34,9849694268708
-37,6665174717393
-36,634633774699
-37,3944334254574
-35,5896276238326
-34,7350153116207
-38,8460708054928
-37,525040315243
-35,4312168017175
-35,7582562676437
-33,4366931526161
-29,5239968875069
-31,671632829435
-33,059204250136
-29,8224132297665
-30,2809271683362
-27,9826380140067
-31,0385009278723
-28,7743212439932
-33,2083045054266
-32,8957110307625
-29,1784838955749
-29,9613072792819
-28,6944064305604
-28,59746781811
-31,1787303496053
-32,6432727312871
-37,5707269914312
-41,9768958710958
-38,5834444121381
-35,0501176063205
-39,0976781719819
-40,332160692351
-36,0145526873016
-35,3958105344306
-37,4974707781791
-39,6630577671635
-36,8084121806586
-38,9481906564665
-39,2922406034974
-42,7700767702284
-42,7465701581662
-46,1571257566834
-46,4480465540886
-47,2842487330941
-48,8820045436183
-46,7689507416305
-44,7871930593565
-44,1335522379417
-42,5651801110083
-46,9760350845643
-46,574662535719
-41,7153858238437
-45,7174444830592
-48,4589626982152
-47,8219362710705
-44,720660932232
-39,9556780839133
-35,812416347122
-36,4263480140019
-39,1071933201082
-43,2907945538363
-42,5635951839218
-38,8632231293541
-37,7235894010978
-36,3544657204088
-36,2072869349305
-37,672530881908
-34,67884445548
-34,340393191362
-37,6333201409473
-33,1896765731227
-29,1057610111804
-31,4975313802704
-27,4536784749728
-32,164591612371
-30,0368088786662
-25,5287114649679
-28,4256084372409
-31,7309140142663
-31,4252303477494
-29,8715304117052
-30,4526254932641
-31,4271664998621
-28,6228600673484
-30,4909058103761
-34,3977430879128
-36,6301669490664
-34,571040728861
-29,5893250031347
-29,7922605857217
-31,7228304230249
-28,0114465733112
-24,5372933822392
-27,2004980231638
-31,4947329561667
-27,1984257140189
-29,3093533671039
-25,7399078927654
-22,9452337524599
-19,6901683484624
-21,111870599497
-17,1237993436511
-21,8086097863543
-21,9473107098356
-25,8018092512161
-24,4843522643132
-22,2333051833479
-25,279216747861
-28,3098218256188
-24,8005781321789
-21,2074002070387
-18,545520386447
-16,0969530726303
-12,0165684060271
-11,2511136481776
-9,85361980034671
-13,1518794238343
-17,2558138017802
-19,2481343304962
-18,9721733722706
-21,5925707256387
-20,1169408928216
-17,1049701921199
-21,5635833454149
-17,925940457697
-22,1936807395861
-26,5839183687157
-31,3124840968812
-27,9743962585807
-31,9816166381266
-32,7429062513369
-36,8042543119771
-37,4958254245556
-39,0561964055785
-42,328810488027
-39,7631818078287
-40,6594664466844
-36,495306529801
-34,8365015559068
-33,0220042858375
-34,1798886443395
-38,36640094098
-38,2766696430168
-41,8041976107304
-40,6003111184576
-40,1927607763525
-43,9299442404555
-39,5361757159867
-37,9648351147607
-38,6565638955946
-36,0619970299592
-39,0689903050982
-38,5072243020438
-40,9885111199638
-40,1130483625983
-38,01038044645
-42,0342798913057
-37,260477180714
-36,0368209919132
-40,6235792514046
-39,915884635372
-37,9362718262413
-39,3202712290549
-43,3436559272668
-44,0731226206166
-41,4185966348362
-43,065145701666
-44,0562074068264
-41,7032086577747
-38,5033825801235
-41,2096040934369
-43,6720236338079
-44,434762985648
-43,2415807844333
-46,8077354677057
-50,2416205244333
-53,8557219895794
-52,3162233211641
-52,9787229667319
-54,7486304211191
-50,2791872389052
-54,0631933925036
-55,3630997218951
-56,3332831027607
-57,935070347942
-60,6893666860132
-60,3124807497079
-63,5227650443664
-60,9585987827548
-61,3338807813515
-59,7443526562976
-60,414440005745
-62,4739362776624
-61,2283730442768
-65,1215703902401
-63,2590675578728
-61,0615804516997
-61,9484644555247
-59,7465257298884
-56,197165223396
-59,1430658144611
-56,8891875734037
-59,8484177979866
-56,4769032744118
-59,4624105419323
-59,4054241359259
-56,6496780592248
-52,2810942573851
-56,1962263920327
-56,8868785779397
-56,1701091966453
-56,7335073099162
-56,2972049537568
-58,3036413105688
-62,3598427522741
-62,868141982643
-64,5886228441208
-60,0024388660688
-57,4240363190994
-60,399206674378
-63,1215666249029
-66,5578313970742
-65,1130593638462
-67,3847786161978
-70,7744806636006
-67,8106148274665
-63,2135380959202
-60,2218406811458
-60,1354611339679
-60,5641186496076
-61,1954908125082
-58,9227082738293
-54,5851483310504
-53,7970084831105
-57,6210153464326
-60,4054504052761
-56,2302263342916
-55,901647187258
-58,886323300603
-55,5450969517907
-56,055139366563
-55,0468372320975
-59,3419893921083
-61,0871709445898
-57,1792223244809
-60,026296086156
-56,1326857917629
-51,1857457068683
-50,8839810317774
-49,2688791473717
-50,6858954535266
-48,0745923254055
-46,5398788761999
-46,362769795285
-45,0910493382677
-49,6006851571616
-53,7915789493321
-49,4790899215635
-47,7178733505858
-48,6672464542404
-48,2073367797804
-43,4432881178536
-44,1610838631918
-42,6475584821997
-37,7068385052061
-34,2628516625906
-34,1638097186405
-29,5156472104209
-32,6980767039108
-28,9698430867726
-28,653366388126
-25,7024263966375
-23,1315663052405
-18,8943901070834
-16,3595180475896
-15,0901801325801
-19,2312927447406
-21,0413391590311
-22,2210070314915
-17,7636353172193
-13,6933797754783
-9,04324312882653
-11,3533103891431
-7,88203272637078
-11,8936739358556
-10,1363492268773
-14,398280137404
-15,23782927554
-10,7214098846174
-15,0357809290457
-18,6293221957187
-13,7665871525028
-10,1992245764468
-7,23452758613723
-9,35321091178493
-9,62730198848405
-12,9012041086803
-13,7098816496832
-15,3957831791583
-19,9318214016649
-17,8779371072902
-13,6324893211166
-10,5031197427321
-8,92958868477944
-12,6309634990203
-11,9989197966638
-16,9584767599397
-14,6609395088912
-12,01870248747
-17,0163199454622
-12,3848431521956
-9,76569053007559
-9,27353362984658
-6,96968877314114
-6,98931741853682
-6,17954439072853
-4,10542846848514
-3,2945018765957
-2,76933528611875
-4,58594001810347
-1,8800222649612
-5,94143118287507
-10,8096880655781
-14,6777465146397
-12,3559716308285
-11,9022299753978
-7,51865255996526
-2,91248945887786
-1,55662993507306
-3,7476667988802
-4,20442676367448
-2,53686183483197
2,33899328035252
0,695363630398776
-1,90114894970377
2,92365880586374
-0,555574125869038
0,560827555861673
2,73348003287492
3,08979512103354
4,80667679328779
3,24720863171254
4,76542247215535
9,27945932107017
5,33361148337532
4,12091759458223
3,49149573756914
-0,244986543080334
-2,26066090737504
-0,189117260831035
2,46267574022645
3,3778470281408
7,0440028966609
2,17470609917055
-0,0672498764783733
1,04804333581029
5,16174800468687
7,15917603213298
11,4109322062744
12,2558157366029
13,5042820235268
8,93856195916351
4,88023968640722
4,71351357163556
5,17265607843761
3,13656794286169
5,87986544979726
3,01565199998001
2,916009436788
3,07157303582481
2,36057899536588
-1,68170676412144
1,95656735075474
-2,87458114692693
-1,40806755116589
-2,14268163644837
-2,72230439480505
-7,10459812642293
-12,0268087377897
-13,4923399651853
-17,4091764527416
-14,2891167566596
-12,6672792912775
-8,38296341401666
-8,22579327888129
-4,59772453158992
-1,59631547126751
3,14883644140733
-1,25283723289749
0,0353569747113038
-4,25353993859776
-4,73020089777665
-2,86555539018737
-6,53778644350258
-2,42993764226792
-1,14733590565036
-3,64848179446932
-6,96354183925485
-7,90864749714208
-4,81840719926101
-3,77439859498967
-6,53960700218551
-5,17644671964298
-2,34768468297448
-4,56514699597155
-2,87106823542675
-0,594171062388576
2,90313330381319
1,5673229105618
5,05998102019536
1,7548969908407
5,25089539133516
7,17053403014804
7,88782143168512
7,64954144956984
10,7779480404117
9,59039051066633
6,24775236064925
10,9238561107422
12,7549298702529
12,7174326743546
15,7155782686153
12,2530384931029
15,8652017223021
15,3096622346479
20,0753291533679
19,1683978862913
21,4789030544827
17,5399057555664
12,7238176147098
9,49034941824631
7,22578670467516
8,78859863094451
5,77614772169668
8,26660789002969
12,1149798096693
8,87187922320878
12,6649546519224
14,1667328421803
17,6298242167708
13,980995791024
18,4851004851447
19,5660627910709
16,6717310071325
16,265009244096
13,4801139302925
16,0838143323007
12,2311724383529
13,7972213671529
9,77666357754571
7,24682284390869
3,0883151051068
0,0971513102283179
2,32097189283041
0,448709386609795
3,49457239662041
-0,808096235063001
1,94290081828033
0,327202342602956
-1,65592688911408
-4,05491686149266
0,911475143354114
3,34777680847222
1,82805455607734
3,55418086217443
7,51365954639092
4,44684602061603
4,37893556867674
7,60576280188081
8,51911090012596
9,89061807742834
9,90998511896931
10,0655687786944
6,27858115419677
6,75848333945425
7,21688144943529
4,13406473776978
8,56585674619572
7,58474173843148
4,81409756458087
1,9760640812926
-0,0782252918362052
-4,33376905244487
-9,25220856175397
-6,53845596897346
-10,6134164266351
-14,8868153453278
-10,5478240016605
-6,68801240468773
-2,24341524636534
0,907625304957653
-0,0864723348461673
0,322301569544826
-1,19279100848029
-0,330709661511128
-3,9459300921047
-6,87812706310217
-9,27744250478106
-8,89790059481652
-8,26410104206957
-12,9821828300982
-15,3105719761507
-17,3900411033025
-21,7373402727476
-22,1294052396572
-19,6786130148352
-18,9927044133622
-23,1968805837431
-26,4529621863985
-23,7836228026001
-22,654943080924
-26,3894037210333
-27,6572916599258
-31,5023459617525
-35,6474417101813
-30,9921423094311
-26,7702065439756
-24,4154653695484
-23,6489402147238
-22,8478534509651
-19,6149758480559
-22,0207807174981
-20,9485027664102
-17,1662726915285
-14,4039651446063
-17,0383603275001
-12,4277671903501
-15,7570909526
-15,4061599240667
-16,3110373082157
-17,9204422272372
-13,6039434972238
-14,5516933987624
-11,1666079592736
-14,2191703450956
-9,72881468233135
-14,7036349283083
-19,6118795194719
-19,1382540618714
-23,8752936939128
-23,6361627530475
-18,7053855013593
-16,1103125550367
-19,9198403418622
-21,603922905216
-19,7184217137836
-24,444631414695
-25,1908032084773
-27,5608000380736
-26,3540180918547
-29,1911742879037
-29,4781124333284
-27,6439530298319
-23,0654978836261
-20,6645759337883
-17,9768528523747
-16,3775199495152
-17,2392191515487
-19,3488258679159
-22,1064956519318
-19,2662965642597
-20,2510642005369
-19,806171399451
-17,1573756179574
-17,8786313151376
-16,0664503234748
-13,8531610620456
-13,5061344404268
-9,2986263564316
-12,9340777676246
-8,30395812089742
-4,17377776427838
-7,29266204745169
-6,78909726058559
-11,2271414376922
-7,92504108647122
-7,92591890223602
-8,04411316432253
-7,5778005260871
-11,7009941705973
-14,6091796525797
-14,2524147216475
-10,211741654301
-6,06759257198668
-9,1353137600866
-5,45778053368341
-7,97544120716653
-8,50164625491095
-12,5174827652599
-13,2577682324954
-15,3667454725908
-14,4798665165342
-12,2785043913306
-14,0472091497142
-16,6244478694277
-20,4005492922853
-20,914664841683
-15,9683876768539
-14,0566597664993
-12,5529233215158
-7,88071139151266
-7,95394771404285
-7,90762759182029
-11,6421730102237
-10,0655107107319
-12,0328472633999
-14,2009011256513
-17,8703065090209
-13,8538071857085
-9,75498558709167
-12,0663846899133
-15,3488575249672
-11,6768693652362
-14,6632824370933
-19,5127667391267
-22,0293325823869
-22,0547732860105
-20,7540295672389
-20,0375125976454
-19,4363015212288
-20,1064598560829
-22,3669655469093
-23,0041024149415
-23,0563088637108
-19,5827830348084
-20,8395423441378
-23,9107241127225
-20,2609036375121
-22,1801001309325
-17,8420428851815
-19,0258269845629
-18,9729819651568
-16,0029041375979
-12,040327944346
-15,8357335188593
-13,6706826783115
-18,3602378696018
-15,5850193838519
-18,0175326010294
-14,1179172364613
-13,2723301478067
-17,1205854379202
-16,6632898089771
-19,7779479179429
-23,2068342823567
-27,0333386873982
-24,8184478910726
-24,6306726940119
-26,5498931503622
-21,6105660268155
-20,3612267460494
-17,1760860142187
-17,9463258189831
-21,6358089850451
-24,4619142052075
-22,529196584378
-26,965296038876
-31,8667694678841
-34,0748407151899
-36,2414191063687
-40,1375738904521
-40,9554482279138
-37,705657117863
-33,0272150403016
-32,7446093423034
-30,1088534645312
-31,361404127144
-26,6519921606649
-30,8429996580086
-32,8575348005898
-35,6845454525596
-33,4852046419332
-34,7519477059841
-32,9350461009588
-28,1794221131967
-30,0013251579373
-27,7191264777068
-30,2416052367732
-31,8649253211287
-29,5648950871848
-28,0365451928399
-26,2955021584851
-25,7264612269246
-27,5849848438916
-29,4962668789068
-28,8651917101188
-33,0421068859483
-31,3825458923274
-29,5938644789131
-30,3219876742559
-28,7208373792101
-33,5089191414923
-33,5256294084367
-28,7915642344354
-25,9957940857838
-29,3323326596675
-31,4303790598318
-30,6515255084501
-29,0487893154141
-30,1134315576001
-27,6873853000288
-25,1819064701823
-25,803123775778
-30,707809089547
-27,9414713140305
-23,8914728438908
-24,4395890480092
-22,0267304577989
-25,4718376116231
-21,4760397870448
-16,8255208464459
-13,7391415418774
-12,0172948865301
-11,5253963677797
-10,2203246533034
-10,8575224717416
-7,24443774076388
-7,13612301374608
-5,5463989011694
-0,894868371959275
0,917802681642466
3,00569102540875
0,926421578473581
2,46353727647265
3,84785183884566
0,808922949158059
-1,97502597327115
-2,97583421132336
1,04529724505043
4,13745980669623
-0,586396837880114
-4,08305170903127
-3,20826666113377
1,23305549669685
6,10703947306936
10,1299105375679
7,49217087751819
7,96589712284777
8,34103573036426
7,37975522520938
3,55894659811579
1,96917283207603
2,07384097952106
4,86672456835707
4,48808243241535
8,00285342289265
6,49292500526312
10,9843162195684
9,41330967909342
7,84627764618314
5,89665434132172
8,69029321413964
12,8794226529446
14,8306283167706
16,9533150209828
12,2914729347878
11,8762212115695
14,7178882079748
13,4288883318327
14,2341549970368
16,0681023896057
11,5207944235395
14,912521557376
13,3752518419061
17,0949063110607
20,2420801228108
17,4536743794818
19,7341988769985
20,3521134193763
22,6343140693541
19,6348559109656
17,7742143966137
22,507390516115
20,0583951338466
23,5307342901503
21,9331791097918
18,9163993061131
19,0442462703419
15,9600041042827
18,8295476761784
22,3005472041203
20,0252070673859
15,5954053698086
16,1835688590927
16,2253547255999
13,7078592082056
11,0220748982495
14,945654282321
12,2642897359395
16,8001157985069
16,2382385862238
15,7588319297688
12,5215580512404
17,0914299935528
19,296202095829
15,0227014348016
15,0412005349254
11,6831383978403
15,7563675175217
17,2305515698299
18,5337283036363
19,74327538849
18,6167520604174
19,7635448699647
16,1959709954429
21,1069892049334
24,16745195825
25,8055767793234
29,2844432868456
28,0046851714163
31,3596228889001
35,8165242014529
36,7424333639174
37,5838899158797
39,9181570531419
39,0274445824452
43,9099383139563
41,7135019585087
45,1344463765316
46,3715963630804
47,2045544847867
45,4925693573861
45,4544584012843
46,5365468810948
44,3806247433557
46,8605732414222
43,2372056055987
38,4005097827876
38,7467422982429
41,492582115574
44,8765278350918
40,2178101684981
41,2724280130455
41,7140017946781
38,2803686327675
35,5418210758556
39,3930042671938
38,8164097600692
37,9721471238751
38,1029147808919
37,524956510181
38,2010473791514
33,6457602557007
37,2441538247485
33,4250421698321
33,4062636449962
37,0009478260767
37,922217395586
35,1578222006362
33,2533067736091
29,0973123810707
26,312247836642
24,5332412815341
22,3693204146666
18,0105463452686
16,0257082064755
12,273366247431
15,064754439548
13,3674693868343
12,3199470142461
15,85433285956
18,7514914356877
15,0433837413058
10,7764104314969
11,1127065965499
14,1263619806274
12,5286454486328
8,01298082946467
7,28807054333759
7,3608852375116
7,61898957547679
8,0780778141124
11,7259040948589
10,016080855865
6,83118911312477
1,98805636586059
-0,168641638089327
1,1948538367612
1,096053971488
3,95891035858485
7,84417467557083
8,29953747023801
11,2272368423767
8,47798478485917
10,3798189947287
11,5488292586751
13,6691181471893
11,8876568586042
11,6880047096349
15,2392096865173
11,2530040886499
7,31279908787118
3,43348963346023
-1,3632506301456
0,233131181557201
1,75801433471865
1,14221289807096
5,85389908442915
4,11599648842396
2,28322944943006
-1,13783254341127
1,97251625683736
-1,38130388752624
0,78148622334998
3,61886645835766
4,00378382718361
2,57089300200845
7,50170968589447
3,52268056176722
-0,992960760366678
-5,82110089520981
-5,93693832910483
-8,0467502717147
-7,60689171152516
-7,53967840109943
-9,46065535045265
-4,49119614646366
-0,450051783328028
-1,61885930300643
2,54842659810013
-1,55820690633652
-6,37446214974606
-5,69047461994486
-4,96658988295436
-5,90756959091299
-6,70926025216905
-7,37086255912249
-3,92629601477013
-2,23250106546685
-1,94227596136853
-1,16960727198503
-3,03799146229314
-4,93659339143742
-8,20262621771673
-6,91870783777854
-11,1437923210412
-12,3346093820104
-16,5697001207479
-17,1563324132732
-20,6394155722296
-23,037514483108
-20,8480422784799
-23,6504744429377
-24,3344852697731
-20,9551401580476
-19,8255083220199
-16,6559013801888
-15,9750693947893
-15,8390229688208
-17,3216642077648
-15,7662402585924
-15,4231860583757
-14,5426923523391
-15,4478808494508
-18,1740143840081
-21,7788211334399
-24,3524598629925
-23,4301647443466
-25,3263949255117
-26,687324029248
-30,6408043534686
-30,5182617229961
-32,2812399884134
-31,5504942166389
-31,8388042281563
-29,7985601726913
-33,0157956774421
-36,8595747937727
-32,7036346135213
-33,4113368198329
-29,1414967082169
-24,9369467654904
-25,3091701098296
-27,9948944705516
-26,4295096585665
-27,7256153676313
-24,739438446583
-28,3714400899464
-26,0269004646815
-23,0975120086678
-22,068809611755
-18,4112439041079
-20,102723785724
-21,9262875974767
-18,1914864425509
-22,761871953384
-20,5107498497287
-16,5041632817613
-12,0440625734833
-12,1553374441133
-8,80678319782343
-5,91989537743855
-3,25875593501094
-7,48445912379988
-12,0140619585357
-9,53470349988662
-10,5822530298412
-9,11543096607347
-4,51113178139148
-8,17203072513091
-8,82516338435251
-6,81177732619083
-5,28688552104266
-9,44313688876262
-10,1956182393226
-7,84474423287666
-12,1294666883208
-13,5632486215622
-11,033821930659
-7,46384975615145
-9,05483342663153
-12,9964705128207
-9,41871501943976
-9,24433365661861
-6,63396515726771
-9,24501118913535
-12,4309886770468
-17,3704031307113
-15,3744585138628
-16,092383014547
-11,3032610627373